0.0 0.0 0.0 0.0 0.0 0.0 
-2.4183706624 -2.363951104 -2.4183706624 -2.363951104 -2.2732518399999995 -11.363951104 
-1.8701439999999998 -1.45024 -1.8701439999999998 -1.45024 -0.7504000000000001 -10.45024 
-2.363951104 -2.2732518399999995 -2.363951104 -2.2732518399999995 -2.1220863999999997 -11.27325184 
-2.496191501624934 -2.4975688424192715 -2.496191501624934 -2.497596428586007 -11.49739899568121 -11.49771070048667 
0.0 0.0 0.0 0.0 0.0 0.0 
-2.496191501624934 -2.497674769525149 -2.496191501624934 -2.4976259474057896 -11.497692211385111 -11.497286167805331 
-2.4823680630784 -2.485268618174585 -2.4823680630784 -2.488537965690129 -11.48610925774514 -11.486212812323542 
-2.2732518399999995 -2.3639514483797486 -2.4184021863124063 -2.3639564670546798 -11.363964930107617 -11.36391796834139 
-2.470613438464 -2.4823714581640752 -2.489470267554147 -2.482689551192937 -11.482368351883478 -11.48316135480041 
0.0 0.0 0.0 0.0 0.0 0.0 
-2.45102239744 -2.4706601930126055 -2.48111645104524 -2.4706136665048444 -11.470730561600831 -11.466638185248595 
-2.4894208378470397 -2.493641046535586 -2.4894208378470397 -2.493558916224461 -11.489696016599153 -11.493613901307679 
-2.470613438464 -2.4823706844325177 -2.4706166235204035 -2.4821171553928862 -11.481851533918533 -11.482348769883238 
-2.4894208378470397 -2.493585908026104 -2.4894208562738407 -2.4936522397107637 -11.493645143234968 -11.493639411331603 
0.0 0.0 0.0 0.0 0.0 0.0 
5.6 11.0 5.6 11.0 2.0 20.0 
-2.1220863999999997 -2.2732518399999995 -2.1220863999999997 -2.2732518399999995 -11.27325184 -2.363951104 
0.4159999999999999 -0.7504000000000001 -1.45024 -0.7504000000000001 -9.7504 -1.45024 
-1.8701439999999998 -2.1220863999999997 -1.8701439999999998 -2.1220863999999997 -11.1220864 -2.2732518399999995 
0.0 0.0 0.0 0.0 0.0 0.0 
-2.451022397367519 -2.418370662398325 -2.418370662034595 -2.363951104 -11.418370662298878 -11.418370662399997 
-2.1220863999999997 -1.8701439999999998 -1.8701439999999998 -1.45024 -10.870144 -10.870144 
-2.4183706624 -2.363951104 -2.363951104 -2.2732518399999995 -11.363951104 -11.363951104 
-2.4936525027082235 -2.4961913108971774 -2.4944815145913486 -2.497591468446234 -11.496186197876197 -11.496136472213285 
0.0 0.0 0.0 0.0 0.0 0.0 
-2.4936525027082235 -2.4961496765862985 -2.496117946012343 -2.49724808080963 -11.496189788083987 -11.496191410374964 
-2.470613438464 -2.4823078681106185 -2.4823636330044425 -2.4889223020463063 -11.482366762439417 -11.481649634004034 
-2.365593814965345 -2.418831338700002 -2.4204516016318953 -2.363951104 -11.39108748114661 -11.41834684004286 
-2.4823680630784 -2.4894471789856913 -2.4898918085673505 -2.48248908651974 -11.489255535582519 -11.48947522313536 
0.0 0.0 0.0 0.0 0.0 0.0 
-2.470613438464 -2.482356442042982 -2.4823630599904356 -2.4709938241064675 -11.482366834614455 -11.482355553034697 
-2.4823680630784 -2.489419702971112 -2.489398170064301 -2.4855696905237914 -11.48791799632551 -11.488901249419598 
-2.45102239744 -2.4710215178805064 -2.470532029841272 -2.482347160495313 -11.4701573160432 -11.470517473513492 
-2.4823680630784 -2.489399458551859 -2.489420586887925 -2.4936384311452513 -11.489390591714027 -11.489133418827915 
0.0 0.0 0.0 0.0 0.0 0.0 
2.36 5.6 5.6 11.0 -3.4000000000000004 -3.4000000000000004 
-1.8701439999999998 -2.1220863999999997 -2.1220863999999997 -2.273251839999669 -11.122086400033602 -11.1220864 
-0.7505997996197878 -1.4502401538427976 -1.4628014592134326 -0.7504000000000001 -10.457748101883736 -10.451485131290852 
-1.45024 -1.8701439999999998 -1.8701439999999998 -2.1220864000000006 -10.870144 -10.870144 
0.0 0.0 0.0 0.0 0.0 0.0 
-2.4894208378470397 -2.4936060786926255 -2.4961125474138304 -2.4932034216887944 -11.493493593107196 -11.49329212842503 
-2.4183706624 -2.4510111812441195 -2.4702234021305767 -2.4502277335178837 -11.443503901763094 -11.448027893660914 
-2.4823680630784 -2.4894236970970707 -2.4929745443199205 -2.489485655076863 -11.48940736604642 -11.489593453532061 
-2.4752004326324712 -2.451025560588862 -2.4183706624 -2.4510277087833425 -11.451161880311554 -11.45157085922919 
0.0 0.0 0.0 0.0 0.0 0.0 
-2.470613438464 -2.45102239744 -2.4183706624 -2.45102239744 -11.45102239744 -11.45102239744 
-2.363951104 -2.2732518399999995 -2.1220863999999997 -2.2732518399999995 -11.27325184 -11.27325184 
-2.4183706624 -2.4510225555863334 -2.470612947336341 -2.4510221505473226 -11.45102223318734 -11.45097368745386 
-2.4894208378470397 -2.4936437943321055 -2.4958246364010965 -2.49309512250694 -11.493601558369603 -11.493386627398447 
0.0 0.0 0.0 0.0 0.0 0.0 
-2.4823680630784 -2.486869671536823 -2.4933613390075897 -2.4894157445523954 -11.489389494317157 -11.489380082670927 
-2.470613438464 -2.4823524912679558 -2.4708385984058627 -2.482369448963645 -11.482037273116463 -11.482399016892884 
-2.4183706624 -2.4509718795338022 -2.418383724082955 -2.450592943524503 -11.450576383679644 -11.451014237300281 
-2.470613438464 -2.482213799869113 -2.470613438464 -2.482297958623127 -11.482334949024764 -11.482219967632142 
0.0 0.0 0.0 0.0 0.0 0.0 
-1.45024 -1.8702660703294895 -2.1221150378164917 -1.8703048733589696 -10.870173274329613 -10.870177921567665 
0.4159999999999999 2.36 5.6 2.36 -6.640000000000001 -6.640000000000001 
-1.45024036204915 -1.8712855309802052 -2.2215566473877595 -1.88909270504108 -10.872436041378835 -10.903129104807578 
-0.7613991207613453 -1.4783593587615396 -0.7504006690110254 -1.5798327933997336 -10.454704758377979 -10.468625448661015 
0.0 0.0 0.0 0.0 0.0 0.0 
-2.4936525027082235 -2.496141129289291 -2.4976829944147254 -2.4936525027082235 -11.496078906851833 -11.495436432884567 
-2.45102239744 -2.4706132504447673 -2.482367469127011 -2.45102241021973 -11.469267566037413 -11.470527725459284 
-2.4894208378470397 -2.493652466560436 -2.4961914153060856 -2.489426583061316 -11.49363573771634 -11.493619222473459 
-2.45102239744 -2.418370662399561 -2.363951104 -2.45102239744 -11.418370662400022 -11.4183706624 
0.0 0.0 0.0 0.0 0.0 0.0 
-2.45102239744 -2.4183706624 -2.363951104 -2.45102239744 -11.4183706624 -11.4183706624 
-2.2732518399999995 -2.1220863999999997 -1.8701439999999998 -2.2732518399999995 -11.1220864 -11.1220864 
-2.4517257600915525 -2.4693633851622696 -2.4813283134485515 -2.45102239744 -11.470592041470493 -11.470593518076512 
-2.4936525027082235 -2.495919282217646 -2.4976851065952568 -2.4936525027082235 -11.495775129710413 -11.496169973876993 
0.0 0.0 0.0 0.0 0.0 0.0 
-2.4894208378470397 -2.4934935697876797 -2.495748074970143 -2.489514785520755 -11.491617432188534 -11.493309317350336 
-2.45102239744 -2.4706138068310306 -2.482351189743251 -2.482333150660544 -11.469864673280949 -11.469821463209867 
-2.363951104 -2.418601822001316 -2.4509019363581936 -2.4505415141082127 -11.418138707316809 -11.416818132401131 
-2.45102239744 -2.470616083972386 -2.482367314374001 -2.482341247465619 -11.470613047817807 -11.469163634314981 
0.0 0.0 0.0 0.0 0.0 0.0 
-1.8701439999999998 -2.122158296954444 -2.2732560993773654 -1.8703264768581545 -11.12244123467729 -11.122089221061238 
2.36 5.6 11.0 2.36 -3.4000000000000004 -3.4000000000000004 
-1.8701439999999998 -2.1240488802251347 -2.274709991180619 -1.899361021765569 -11.126068883004484 -11.126316030957767 
0.4159999999999999 -0.7504000132922265 -1.4502400563947369 -1.4503660829226201 -9.750400228579563 -9.751047557805506 
0.0 0.0 0.0 0.0 0.0 0.0 
-2.496191501624934 -2.4976856981628894 -2.497708201887372 -2.496191501624934 -11.49544603027586 -11.497640785404213 
-2.4706551473904117 -2.482337593405296 -2.4816205505675475 -2.470613438464 -11.455296119497342 -11.481434598758025 
-2.4936738924239554 -2.4959304410900938 -2.4961890745196538 -2.4936525027082235 -11.496150267301532 -11.495683047272026 
-2.4183706624 -2.363951104 -2.363951104 -2.4183706624 -2.2732518399999995 -11.363951104 
0.0 0.0 0.0 0.0 0.0 0.0 
-2.4183706624 -2.363951104 -2.363951104 -2.4183706624 -2.2732518399999995 -11.363951104 
-2.1220863999999997 -1.8701439999999998 -1.8701439999999998 -2.1220863999999997 -1.45024 -10.870144 
-2.470613438464 -2.481603186283722 -2.4820982412444508 -2.470613438464 -11.481663672961922 -11.482261637802864 
-2.496191501624934 -2.497023048252883 -2.4976511144617235 -2.496191501624934 -11.49763609652576 -11.49532856066703 
0.0 0.0 0.0 0.0 0.0 0.0 
-2.4936525027082235 -2.4960282131001237 -2.496135678053171 -2.4936525027082235 -11.489859862771622 -11.494569062335016 
-2.470613438464 -2.4823680156966117 -2.482387968314188 -2.471624298909034 -11.483336911948548 -11.481226021715917 
-2.4183706624 -2.4505402375325933 -2.4509877052037403 -2.4185217781325803 -11.449967352948477 -11.45094395874045 
-2.470613438464 -2.4822136742116325 -2.4822813995065105 -2.470613438464 -11.481737908702202 -11.48142715353331 
0.0 0.0 0.0 0.0 0.0 0.0 
-2.1220863999999997 -2.2732518399999995 -2.2732518399999995 -2.1220863999999997 -11.27325184 -2.363951104 
5.6 11.0 11.0 5.6 2.0 20.0 
-2.1220863999999997 -2.2732518399999995 -2.2732518399999995 -2.1220863999999997 -11.27325184 -2.363951104 
-0.7504000000000001 -1.45024 -1.45024 -0.7504000000000001 -10.45024 -1.8701439999999998 
0.0 0.0 0.0 0.0 0.0 0.0 
-2.45102239744 -2.363951104 -2.45102239744 -2.4183706624 -11.4183706624 -11.4183706624 
-2.1220864000001485 -1.45024 -2.122086400000285 -1.8701440000114693 -10.870144000018533 -10.870144 
-2.418370663134957 -2.2732518399999995 -2.4183706624 -2.363951106423366 -11.363951104037646 -11.363951104000643 
-2.4936525027082235 -2.4977141526325704 -2.4936525027082235 -2.4961912088910188 -11.495891912847995 -11.496191500632504 
0.0 0.0 0.0 0.0 0.0 0.0 
-2.4936525027082235 -2.49771489718276 -2.4936525027082235 -2.496189981733041 -11.4961858094853 -11.496186836971509 
-2.470613438464 -2.489420734905087 -2.470613438464 -2.481780054702076 -11.481966443992365 -11.482368027734001 
-2.1220863999999997 -2.3639511040003955 -2.3639511040430166 -2.2732518403454525 -11.273251840003539 -11.273251840156748 
-2.45102239744 -2.4823680630784004 -2.48236806330767 -2.4706134384640084 -11.470613438467897 -11.470613438474347 
0.0 0.0 0.0 0.0 0.0 0.0 
-2.4183706624 -2.470613444686605 -2.470613509689379 -2.4510236334347515 -11.45102243365605 -11.451022423722867 
-2.4823689344299322 -2.49365187972084 -2.4823680630784 -2.4894208131150797 -11.48939679091489 -11.489416386392945 
-2.451029786351733 -2.4823680304556817 -2.45102239744 -2.470604683607745 -11.470613271309597 -11.470613499256801 
-2.4823680658540908 -2.4936525034770503 -2.4823680630784 -2.489345655144721 -11.489420840218743 -11.489420803396843 
0.0 0.0 0.0 0.0 0.0 0.0 
2.36 11.0 2.36 5.6 -3.4000000000000004 -3.4000000000000004 
-1.8701439999999998 -2.2732518399999995 -1.8701439999999998 -2.1220863999999997 -11.1220864 -11.1220864 
2.36 -0.7504000000000001 -0.7504000000000001 0.4159999999999999 -8.584 -8.584 
-1.45024 -2.1220863999999997 -1.45024 -1.8701439999999998 -10.870144 -10.870144 
0.0 0.0 0.0 0.0 0.0 0.0 
-2.470613438464 -2.4183706624 -2.45102239744 -2.4183706624 -11.45102239744 -11.45102239744 
-2.2732518399999995 -1.8701439999999998 -2.1220863999999997 -1.8701439999999998 -11.1220864 -11.1220864 
-2.45102239744 -2.363951104 -2.4183706624 -2.363951104 -11.4183706624 -11.4183706624 
-2.4894208378470397 -2.496190732549412 -2.493652392817883 -2.496162874213377 -11.493651957455798 -11.49365249887797 
0.0 0.0 0.0 0.0 0.0 0.0 
-2.4894208378470397 -2.4961915015244265 -2.4936516957584582 -2.4961914659050293 -11.493652479469688 -11.493651784279768 
-2.45102239744 -2.482368018043755 -2.470613424126331 -2.482322608379305 -11.470613430719482 -11.470613319774873 
-2.2750703386551248 -2.422359394589999 -2.363955871137426 -2.2732518399999995 -11.364631840684291 -11.363966206990177 
-2.470614201672404 -2.4894288768770414 -2.482611021296429 -2.470613438464 -11.482368580480657 -11.482354538650812 
0.0 0.0 0.0 0.0 0.0 0.0 
-2.45102239744 -2.4823681292447155 -2.470614418169779 -2.4510224126508295 -11.470613288027787 -11.47061359417088 
-2.470613438464 -2.4894208378216187 -2.4823680636518093 -2.48942083780664 -11.482368062398397 -11.482368063143083 
-2.4183706624 -2.470613421846302 -2.451022590093285 -2.470613462333285 -11.45102239744185 -11.45102239744 
-2.470613438464 -2.4894208366817043 -2.4823680643171704 -2.4894208280814722 -11.482368062653197 -11.482368014480826 
0.0 0.0 0.0 0.0 0.0 0.0 
0.4159999999999999 5.6 2.36 5.6 -6.640000000000001 -6.640000000000001 
-1.45024 -2.122086400000004 -1.8701440000000007 -2.1220863999999997 -10.870144 -10.870144000000002 
0.4159999999389511 -1.4502764220889672 -0.7504000057862057 0.4159999999999999 -9.750402274779866 -9.750400000571737 
-0.7504000000000001 -1.8701439999999998 -1.45024 -1.8701439999999998 -10.45024 -10.450240000002804 
0.0 0.0 0.0 0.0 0.0 0.0 
-2.4823680630784 -2.49365077489816 -2.4936522644340644 -2.489420835275377 -11.489420195439404 -11.48942082483582 
-2.363951104 -2.451022397439999 -2.451022397440071 -2.4183706625354398 -11.418370662449975 -11.41837073506351 
-2.470613438464 -2.4894208321846554 -2.4894514593516 -2.482368098928107 -11.48236829689701 -11.482368255048723 
-2.4823680630784 -2.4510223974401777 -2.45102239744 -2.4706134384640164 -11.470613438464 -11.470613438453327 
0.0 0.0 0.0 0.0 0.0 0.0 
-2.4823680630784 -2.45102239744 -2.45102239744 -2.470613438464 -11.470613438464 -11.470613438464 
-2.4183706624 -2.2732518399999995 -2.2732518399999995 -2.363951104 -11.363951104 -11.363951104 
-2.363951104 -2.4510223974400516 -2.45102239697798 -2.4183706624000023 -11.4183706624 -11.4183706624 
-2.4823680630784 -2.4936524975575614 -2.4936527747103114 -2.48942083755792 -11.489433739436718 -11.489418313156046 
0.0 0.0 0.0 0.0 0.0 0.0 
-2.470613438464 -2.4894208095245696 -2.489420829702975 -2.482368063078739 -11.482368063077901 -11.482368063087153 
-2.45102239744 -2.4823681068353554 -2.451022398791114 -2.4706058906487454 -11.470613462887714 -11.470576736736884 
-2.363954044871432 -2.4510223892885596 -2.363951104 -2.4183682918645997 -11.416251522174258 -11.418370835445018 
-2.4510224155517193 -2.4823678871637087 -2.45102239744 -2.4706134359285294 -11.470274617242067 -11.470613439287858 
0.0 0.0 0.0 0.0 0.0 0.0 
-0.7504000000000001 -1.8701439999999998 -1.8701439999999998 -1.45024 -10.45024 -10.45024 
-0.7504000000000001 2.36 2.36 0.4159999999999999 -8.584 -8.584 
-0.7504000000000001 -1.8701715497581015 -1.8718638617128978 -1.4502445078259876 -10.450240871503738 -10.45024001099334 
0.41599859680562057 -1.4503503706739744 0.4159999999999999 -0.7504009570775081 -9.750863831183539 -9.750459539503044 
0.0 0.0 0.0 0.0 0.0 0.0 
-2.4894208378470397 -2.496190574237224 -2.496185415752789 -2.4894208378470397 -11.493652175425696 -11.4935713794868 
-2.4183716870572805 -2.470612751067913 -2.470613384896983 -2.4183706624 -11.451022549559337 -11.451009439000792 
-2.4823680630784 -2.4936520228944854 -2.4936525015623285 -2.482368110818429 -11.489420837598633 -11.48942084949263 
-2.470613438464 -2.4183706624 -2.4183706624 -2.470613438464 -11.45102239744 -11.45102239744 
0.0 0.0 0.0 0.0 0.0 0.0 
-2.4706134384635297 -2.4183706624 -2.4183706624 -2.470613438464 -11.45102239744 -11.45102239744 
-2.3642912075982676 -2.1220864066876812 -2.1220863999999997 -2.361092965498678 -11.273252365476576 -11.273607257067113 
-2.418370663166383 -2.470613419099446 -2.4706133962901564 -2.4183706624 -11.451020633919876 -11.451022423645671 
-2.4894208378470397 -2.4961915015953458 -2.496191489488672 -2.4894208379480935 -11.493652502695074 -11.49365250268581 
0.0 0.0 0.0 0.0 0.0 0.0 
-2.4823755301733534 -2.4936522094312004 -2.4936519203829555 -2.4823680630784 -11.48942082275667 -11.489420543468048 
-2.4183706624 -2.4706134436977614 -2.4706134384640017 -2.4706134393731247 -11.45102239744 -11.45102239951128 
-2.2732518399999995 -2.418370661837958 -2.418370662400985 -2.4183714447332307 -11.363951112154512 -11.363951104019748 
-2.4183706624 -2.470613438464 -2.470613438464 -2.470613438464 -11.451022397439987 -11.451022397440001 
0.0 0.0 0.0 0.0 0.0 0.0 
-1.45024 -2.1220863999999997 -2.1220863999999997 -1.45024 -10.870144 -10.870144 
0.4159999999999999 5.6 5.6 0.4159999999999999 -6.640000000000001 -6.640000000000001 
-1.45024 -2.1220863999999997 -2.1220863999999997 -1.45024 -10.870144 -10.870144 
2.36 -0.7504000000001048 -0.7504000000000001 -0.7504000000000016 -8.584 -8.5840000000011 
0.0 0.0 0.0 0.0 0.0 0.0 
-2.4936525027082235 -2.497481420929656 -2.4961914412190698 -2.4936525027082235 -11.496020465261832 -11.496191260503538 
-2.45102239744 -2.4823608202421883 -2.4573097769468593 -2.451248770223027 -11.455196155203355 -11.470508188600634 
-2.4894208378470397 -2.4950363783069625 -2.4936486860612854 -2.4895645868961935 -11.493536168612403 -11.493026686829054 
-2.45102239744 -2.363951104 -2.4183706624 -2.45102239744 -11.4183706624 -11.4183706624 
0.0 0.0 0.0 0.0 0.0 0.0 
-2.45102239744001 -2.363951104 -2.4183706623999965 -2.4510223767798283 -11.4183706624 -11.418370662399646 
-2.2732518399999995 -1.8701439999999998 -2.122086400000088 -2.2732518399999995 -11.1220864 -11.1220864 
-2.4510226422289034 -2.482364078639037 -2.4706138880330077 -2.45102239744 -11.470062500469256 -11.470612310389441 
-2.4936530185890513 -2.4977122279439707 -2.496191484484877 -2.4936525027082235 -11.496091307158434 -11.496183678679571 
0.0 0.0 0.0 0.0 0.0 0.0 
-2.4894208378470397 -2.4961906993439236 -2.4936494886264238 -2.4894228916767043 -11.493650083476986 -11.493647478804924 
-2.4510282425314367 -2.4823816830495686 -2.470613440754045 -2.45102239744 -11.470614174970402 -11.470613440653473 
-2.363951104 -2.451022198559199 -2.4183706065812918 -2.3639802821533302 -11.418187224274238 -11.41836755455164 
-2.45102255588187 -2.482239460008901 -2.470613347819755 -2.45102239744 -11.470522210322777 -11.470590452016406 
0.0 0.0 0.0 0.0 0.0 0.0 
-1.8701439999999998 -2.2732518399999995 -2.1220863999999997 -1.8701439999999998 -11.1220864 -11.1220864 
2.36 11.0 5.6 2.36 -3.4000000000000004 -3.4000000000000004 
-1.8701439999999998 -2.2732518399999995 -2.1220863999999997 -1.8701439999999998 -11.1220864 -11.1220864 
0.4159999999999999 -1.45024 -0.7504000000000001 0.4159999999999999 -9.7504 -9.7504 
0.0 0.0 0.0 0.0 0.0 0.0 
-2.470613438464 -2.4183706624 -2.4706134384639036 -2.45102239744 -11.45102239744 -11.45102239744 
-2.273251866666016 -1.8701439999999998 -2.273251849081922 -2.122087190849275 -11.12212370265916 -11.122086403322086 
-2.4510223974666436 -2.363951104 -2.451022402794561 -2.418475021974757 -11.418370670534538 -11.418370662425144 
-2.49619150162491 -2.496191501623322 -2.4894208378470397 -2.4936525027081973 -11.493652502622972 -11.493652502675587 
0.0 0.0 0.0 0.0 0.0 0.0 
-2.4961915015990193 -2.4961915016247627 -2.4894208378470397 -2.4936524993111893 -11.493652502708217 -11.493652502708212 
-2.4823680630281495 -2.4823678562003124 -2.45102239744 -2.4706134384635803 -11.470613438462948 -11.470613437224198 
-1.8701439999999998 -2.2732518399999995 -2.2732518399999995 -2.1220863999999997 -11.1220864 -11.1220864 
-2.4183706624 -2.470613438464 -2.470613438464 -2.45102239744 -11.45102239744 -11.45102239744 
0.0 0.0 0.0 0.0 0.0 0.0 
-2.363951104 -2.45102239744 -2.45102239744 -2.4183706624 -11.4183706624 -11.4183706624 
-2.489419529739522 -2.4893205026770957 -2.470613438464 -2.4823680639351138 -11.48236798908917 -11.48236806315044 
-2.470618725898752 -2.470613427635474 -2.4183706624 -2.4510223978802035 -11.451022396108241 -11.4510223975042 
-2.489420834868861 -2.4894208354784446 -2.470613438464 -2.482368072476757 -11.48236807723041 -11.482367631342486 
0.0 0.0 0.0 0.0 0.0 0.0 
0.4159999999999999 5.6 0.4159999999999999 2.36 -6.640000000000001 -6.640000000000001 
-2.1220863999999997 -2.1220863999999997 -1.45024 -1.8701439999999998 -10.870144 -10.870144 
5.6 0.4159999999999999 0.4159999999999999 2.36 -6.640000000000001 -6.640000000000001 
-1.8701439999999998 -1.8701439999999998 -0.7504000000000001 -1.45024 -10.45024 -10.45024 
0.0 0.0 0.0 0.0 0.0 0.0 
-2.4823680630784 -2.45102239744 -2.4823680630784 -2.45102239744 -11.470613438464 -11.470613438464 
-2.363951104 -2.1220863999999997 -2.363951104 -2.1220863999999997 -11.27325184 -11.27325184 
-2.470613438464 -2.4183706624 -2.470613438464 -2.4183706624 -11.45102239744 -11.45102239744 
-2.4936525027082235 -2.4936525027082235 -2.4823680630784 -2.4936525027082235 -11.48942083784704 -11.48942083784704 
0.0 0.0 0.0 0.0 0.0 0.0 
-2.4936525027082226 -2.4936525027082235 -2.4823680630784 -2.493652502708222 -11.48942083784704 -11.48942083784704 
-2.470613438464 -2.470613438464 -2.4183706624 -2.470613438464 -11.45102239744 -11.45102239744 
-2.363951104 -2.363951104 -2.363951104 -2.1220863999999997 -11.27325184 -11.27325184 
-2.4823680630784 -2.4823680630784 -2.4823680630784 -2.45102239744 -11.470613438464 -11.470613438464 
0.0 0.0 0.0 0.0 0.0 0.0 
-2.470613438464 -2.470613438464 -2.470613438464 -2.4183706624 -11.45102239744 -11.45102239744 
-2.4823680630784004 -2.4823680630784 -2.45102239744 -2.482368063078403 -11.47061343841237 -11.470613438464 
-2.45102239744 -2.45102239744 -2.363951104 -2.45102239744 -11.4183706624 -11.4183706624 
-2.4823680630784 -2.4823680630784 -2.45102239744 -2.4823680630784 -11.470613438464 -11.470613438464 
0.0 0.0 0.0 0.0 0.0 0.0 
-0.7504000000000001 2.36 -0.7504000000000001 2.36 -8.584 -8.584 
-1.8701439999999998 -1.8701439999999998 -0.7504000000000001 -1.8701439999999998 -10.45024 -10.45024 
-0.7504000000000001 -0.7504000000000001 -0.7504000000000001 2.36 -8.584 -8.584 
-1.45024 -1.45024 0.4159999999999999 -1.45024 -9.7504 -9.7504 
0.0 0.0 0.0 0.0 0.0 0.0 
-2.4894208378470397 -2.4894208378470397 -2.4894208378470397 -2.470613438464 -11.4823680630784 -11.4823680630784 
-2.4183706624 -2.4183706624 -2.4183706624 -2.2732518399999995 -11.363951104 -11.363951104 
-2.4823680630784 -2.4823680630784 -2.4823680630784 -2.45102239744 -11.470613438464 -11.470613438464 
-2.4894208378470397 -2.470613438464 -2.470613438464 -2.4894208378470397 -11.4823680630784 -11.4823680630784 
0.0 0.0 0.0 0.0 0.0 0.0 
-2.4894208378470397 -2.470613438464 -2.470613438464 -2.4894208378470397 -11.4823680630784 -11.4823680630784 
-2.45102239744 -2.363951104 -2.363951104 -2.45102239744 -11.4183706624 -11.4183706624 
-2.4183706624 -2.4183706624 -2.4183706624 -2.2732518399999995 -11.363951104 -11.363951104 
-2.4894208378470397 -2.4894208378470397 -2.4894208378470397 -2.470613438464 -11.4823680630784 -11.4823680630784 
0.0 0.0 0.0 0.0 0.0 0.0 
-2.4823680630784 -2.4823680630784 -2.4823680630784 -2.45102239744 -11.470613438464 -11.470613438464 
-2.470613438464 -2.470613438464 -2.4183706624 -2.470613438464 -11.45102239744 -11.45102239744 
-2.4183706624 -2.4183706624 -2.2732518399999995 -2.4183706624 -11.363951104 -11.363951104 
-2.470613438464 -2.470613438464 -2.4183706624 -2.470613438464 -11.45102239744 -11.45102239744 
0.0 0.0 0.0 0.0 0.0 0.0 
-1.45024 -1.45024 -1.45024 0.4159999999999999 -9.7504 -9.7504 
-1.45024 0.4159999999999999 0.4159999999999999 -1.45024 -9.7504 -9.7504 
-1.45024 -1.45024 -1.45024 0.4159999999999999 -9.7504 -9.7504 
-0.7504000000000001 -0.7504000000000001 2.36 -0.7504000000000001 -8.584 -8.584 
0.0 0.0 0.0 0.0 0.0 0.0 
-2.4936525027081777 -2.4936525027082235 -2.4936525027082235 -2.4823680630784 -11.48942083784704 -11.48942083784704 
-2.4510223974405934 -2.4510223974400445 -2.4510223974400014 -2.363951104 -11.418370662484797 -11.418370662400122 
-2.4894208378470397 -2.4894208378470397 -2.4894208378470397 -2.470613438464 -11.4823680630784 -11.4823680630784 
-2.4823680630784 -2.45102239744 -2.45102239744 -2.4823680630784 -11.470613438464 -11.470613438464 
0.0 0.0 0.0 0.0 0.0 0.0 
-2.482368008869948 -2.45102239744 -2.4510223975997922 -2.4823679732311597 -11.470613455486278 -11.470613436959646 
-2.4183706584623685 -2.2732518650406552 -2.2732518399999995 -2.418370591974422 -11.363951841753202 -11.363951104016648 
-2.45102240396197 -2.451022397442319 -2.451022397445592 -2.363951104 -11.41837066240001 -11.418370662533286 
-2.4936525027082235 -2.4936525027082235 -2.4936525027082235 -2.4823680630784 -11.48942083784704 -11.48942083784704 
0.0 0.0 0.0 0.0 0.0 0.0 
-2.4894208378470517 -2.4894208378470397 -2.4894208378470397 -2.470613438464 -11.482368063078408 -11.48236806307841 
-2.363951104 -2.45102239744 -2.45102239744 -2.45102239744 -11.4183706624 -11.4183706624 
-2.1220863999999997 -2.363951104 -2.363951104 -2.363951104 -11.27325184 -11.27325184 
-2.363951104 -2.45102239744 -2.45102239744 -2.45102239744 -11.4183706624 -11.4183706624 
0.0 0.0 0.0 0.0 0.0 0.0 
-1.8701439999999998 -1.8701439999999998 -1.8701439999999998 -0.7504000000000001 -10.45024 -10.45024 
-0.7504000000000001 2.36 2.36 -0.7504000000000001 -8.584 -8.584 
-1.8701439999999998 -1.8701439999999998 -1.8701439999999998 -0.7504000000000001 -10.45024 -10.45024 
5.6 0.4159999999999999 0.4159999999999999 0.4159999999999999 -6.640000000000001 -6.640000000000001 
0.0 0.0 0.0 0.0 0.0 0.0 
-2.4961915016249288 -2.4961915014443106 -2.493652502706415 -2.4894208378470397 -11.493652502549825 -11.493652502263553 
-2.4706134384748673 -2.4706134384609864 -2.451022397511632 -2.4183706624 -11.451022396668492 -11.451022325104462 
-2.4936524993094786 -2.4936525027072927 -2.4894208379561027 -2.4823680630784 -11.489420837644388 -11.489420837846579 
-2.470613438464 -2.4183706624 -2.45102239744 -2.4706134384639995 -11.45102239744 -11.45102239744 
0.0 0.0 0.0 0.0 0.0 0.0 
-2.4706134333145884 -2.4183706624 -2.4510223978377685 -2.4706134384639746 -11.451022053643033 -11.451022326484134 
-2.363951104009206 -2.1220863999999997 -2.273251840000071 -2.3639511040000576 -11.27325184001298 -11.27325183834544 
-2.4706684093410893 -2.4705382291480587 -2.4521582328121005 -2.4183706624 -11.451220612999714 -11.451051198770056 
-2.495954674699211 -2.496191132031249 -2.493653044723332 -2.4894208378470397 -11.493614975152 -11.493690115733168 
0.0 0.0 0.0 0.0 0.0 0.0 
-2.493652343365868 -2.493652176972021 -2.4894201429392293 -2.4823680630784 -11.489420004479358 -11.489420836622093 
-2.4183706624 -2.471367641201995 -2.451024669250808 -2.4188736138852494 -11.451074471716884 -11.454910977526588 
-2.2732518399999995 -2.4183706649871732 -2.363951119658644 -2.273252138487053 -11.363951616679271 -11.363951104027187 
-2.41839517200661 -2.4706001915174824 -2.4510256518230746 -2.4183706624 -11.451022885402313 -11.450924631527872 
0.0 0.0 0.0 0.0 0.0 0.0 
-2.1220863999999997 -2.1220863999999997 -1.8701439999999998 -1.45024 -10.870144 -10.870144 
0.415999966876816 5.6 2.359999876531927 0.4159999786502257 -6.640077491010878 -6.640000015519786 
-2.1220863999999997 -2.1220863999999997 -1.8701439999999998 -1.45024 -10.870144 -10.870144 
2.36 -0.7504000000000001 0.4159999999999999 2.36 -8.584 -8.584 
0.0 0.0 0.0 0.0 0.0 0.0 
-2.4823668753908907 -2.45102239744 -2.4706133207337078 -2.470606689869507 -11.4706134336635 -11.470613365234671 
-2.363703020852858 -2.1220863999999997 -2.2953812980992954 -2.2735036005499905 -11.272857896532756 -11.273902636871908 
-2.4706135057575476 -2.4183706624 -2.4510359283047314 -2.451023883774248 -11.451187844549537 -11.451028492802244 
-2.4977148261717006 -2.4936525027082235 -2.4961914371121825 -2.4961900326761577 -11.495798433502594 -11.496183211686951 
0.0 0.0 0.0 0.0 0.0 0.0 
-2.4977147391119106 -2.4936525027082235 -2.496170949121777 -2.496183466381611 -11.496183333856724 -11.496187846515756 
-2.489318153008077 -2.470613438464 -2.4820913153288937 -2.4823677163731817 -11.482361202068287 -11.482367321821165 
-1.45024 -2.1220863999999997 -1.8701439999999998 -1.8701439999999998 -10.870144 -10.870144 
-2.363951104 -2.45102239744 -2.4183706624 -2.4183706624 -11.4183706624 -11.4183706624 
0.0 0.0 0.0 0.0 0.0 0.0 
-2.2732518399999995 -2.4183706624 -2.363951104 -2.363951104 -11.363951104 -11.363951104 
-2.493651605373601 -2.4823680630784 -2.4894207475159402 -2.4894556007474566 -11.489419195407216 -11.489411826645433 
-2.482367460196143 -2.45102239744 -2.4706138851672947 -2.470613837684047 -11.470647008764038 -11.470609722331579 
-2.493647328416315 -2.4823680630784 -2.4894287917837348 -2.4894207706360305 -11.48942067016904 -11.489420806380542 
0.0 0.0 0.0 0.0 0.0 0.0 
-0.7504000000000001 2.36 0.4159999999999999 0.4159999999999999 -8.584 -8.584 
-2.2732518399999995 -1.8701439999999998 -2.1220863999999997 -2.1220863999999997 -11.1220864 -11.1220864 
11.0 2.36 5.6 5.6 -3.4000000000000004 -3.4000000000000004 
-2.1220863999999997 -1.45024 -1.8701439999999998 -1.8701439999999998 -10.870144 -10.870144 
0.0 0.0 0.0 0.0 0.0 0.0 
-2.489418703151102 -2.470613438464 -2.4894204405557225 -2.4823677854624875 -11.482367372129183 -11.482368062239598 
-2.4183706624013714 -2.2732518399999995 -2.4183706623999686 -2.363951104013918 -11.363951104000545 -11.363951085608077 
-2.4825895996401313 -2.45102239744 -2.482368063154316 -2.4706210000022817 -11.470614637874188 -11.470613512995662 
-2.496189848024449 -2.4894208432738334 -2.4894208378470397 -2.4936457902640883 -11.493573283276582 -11.493623191225458 
0.0 0.0 0.0 0.0 0.0 0.0 
-2.4961441783996863 -2.4894208378470397 -2.4894208378470397 -2.493652262389473 -11.493621723350401 -11.493652491746866 
-2.4816338404243323 -2.45102239744 -2.45102239744 -2.4706084779602624 -11.470607601544678 -11.45369945445534 
-2.4183713986659465 -2.2732518399999995 -2.418376761731015 -2.363955439408886 -11.363955889998646 -11.36395131179542 
-2.489420837841981 -2.470613438464 -2.4894208202656287 -2.482368063078383 -11.482368063078395 -11.48236806234931 
0.0 0.0 0.0 0.0 0.0 0.0 
-2.4823680748297487 -2.45102239744 -2.482368102399409 -2.4706134601461063 -11.470618970939027 -11.470615105889008 
-2.489420810074087 -2.4706141951930527 -2.470613438464 -2.4823681661067574 -11.48236812732961 -11.482370638705023 
-2.470613485877415 -2.4183706624 -2.41837709416557 -2.45102239035594 -11.451022659089725 -11.451022481302847 
-2.4894154442497394 -2.470613438464 -2.470620064840906 -2.482367787989444 -11.482364903222638 -11.482362303767362 
0.0 0.0 0.0 0.0 0.0 0.0 
-1.4509604228603536 0.4159999999999999 -1.450256610914483 -0.7504120383251693 -9.7506907575194 -9.750407449870364 
-2.122149780663479 -1.45024 -1.4502401319365794 -1.8701440110029055 -10.8701437398528 -10.870144018796003 
-1.4502400278546161 0.4159999999999999 -1.4515677539735865 -0.7504008252234892 -9.750400000886616 -9.750400001133185 
-1.8743670840408053 -0.7514154612573043 -0.7504000000000001 -1.4502443127640336 -10.46076882487032 -10.45823104813567 
0.0 0.0 0.0 0.0 0.0 0.0 
-2.493628408477098 -2.4823680630784 -2.4894192248283904 -2.4823680630784 -11.489416517830477 -11.48885790517786 
-2.4509996586405545 -2.3639511104803725 -2.418369063709472 -2.363951104 -11.418370663628009 -11.418370791572139 
-2.4894175034177746 -2.470613438464 -2.4823681687104577 -2.4706577412311925 -11.48237086638529 -11.482368065202305 
-2.493652502705353 -2.4823680630784 -2.4894208362332324 -2.4936525027082204 -11.489420837847039 -11.489420824245846 
0.0 0.0 0.0 0.0 0.0 0.0 
-2.493649307507522 -2.4823680630784 -2.4894116499359664 -2.4936525015594597 -11.489420833862738 -11.489358820921824 
-2.470611254986357 -2.4183706624 -2.451021981455781 -2.47061334794242 -11.450692276013916 -11.451021104650119 
-2.4510223771752195 -2.363951104 -2.418370663005426 -2.3639692020871723 -11.41837385850292 -11.418370795424536 
-2.4936516535359883 -2.482368064189644 -2.489405695094989 -2.4823680630784 -11.489295752800382 -11.487256858011929 
0.0 0.0 0.0 0.0 0.0 0.0 
-2.4894208160119318 -2.470613438464 -2.4823682960662588 -2.4706370206539776 -11.482368067189924 -11.482366868345736 
-2.4823680649064688 -2.45102239744 -2.4706134384831904 -2.482368063374941 -11.470613438463012 -11.47061343846407 
-2.4510232438926973 -2.363951104 -2.4183708436644067 -2.451022424201979 -11.41837083295789 -11.418370856733256 
-2.482368160702248 -2.45102239744 -2.4706138413260805 -2.4823680508083834 -11.470613454523368 -11.470607887798474 
0.0 0.0 0.0 0.0 0.0 0.0 
-1.8956600042862177 -0.7504000000000001 -1.451510399653549 -0.7517327601979125 -10.499202760128723 -10.450520617799045 
-1.8701440004079826 -0.7504000000000001 -1.4502400000006155 -1.8701441489551838 -10.450240058715028 -10.450240000585092 
-1.8160216155285152 -0.7508705400790168 -1.450281514939941 -0.7504000000000001 -10.422293056003136 -10.450240877747722 
-1.4504192143591688 0.4159999999999999 -0.7504688486367604 -1.4502400008420229 -9.75040639227719 -9.750400004885599 
0.0 0.0 0.0 0.0 0.0 0.0 
-2.4961903117152864 -2.4894208378470397 -2.4961914155346387 -2.4936524971418526 -11.4936524510436 -11.493571193214951 
-2.47061812830397 -2.4183706624 -2.4706131344510975 -2.4510223237643247 -11.450702966077431 -11.451022307579027 
-2.493619344128732 -2.4823680630784 -2.4936483911182274 -2.4894221767526425 -11.489420836209192 -11.489420655685059 
-2.4893757858402408 -2.470613438464 -2.470613438464 -2.482361955307834 -11.482313515559373 -11.482364463970708 
0.0 0.0 0.0 0.0 0.0 0.0 
-2.489420803117214 -2.470613438464 -2.470613438464 -2.4823654435865476 -11.482368055354298 -11.482366517160933 
-2.450874197063109 -2.363951104 -2.3639535206243667 -2.4183704015411207 -11.418370436471296 -11.418269475786369 
-2.470613772368326 -2.4183706624 -2.4706135266731684 -2.451022398365069 -11.451022397386748 -11.451022309372881 
-2.4961914727384062 -2.4894208378470397 -2.4961914998494628 -2.4936525029127514 -11.493650857407243 -11.493652502708299 
0.0 0.0 0.0 0.0 0.0 0.0 
-2.493652502634234 -2.4823680630784 -2.4936525026987666 -2.4894208381904095 -11.489420839117448 -11.489420814493498 
-2.2732518399999995 -2.4183706624 -2.4183706624 -2.363951104 -11.363951104 -11.363951104 
-1.8701439999999998 -2.2732518399999995 -2.2732518399999995 -2.1220863999999997 -11.1220864 -11.1220864 
-2.2732518399999995 -2.4183706624 -2.4183706624 -2.363951104 -11.363951104 -11.363951104 
0.0 0.0 0.0 0.0 0.0 0.0 
-2.1220863999999997 -1.45024 -2.1220863999999997 -1.8701439999999998 -10.870144 -10.870144 
-1.45024 0.4159999999999999 0.4159999999999999 -0.7504000000000001 -9.7504 -9.7504 
-2.1220863999999997 -1.45024 -2.1220863999999997 -1.8701439999999998 -10.870144 -10.870144 
11.0 2.36 2.36 5.6 -3.4000000000000004 -3.4000000000000004 
0.0 0.0 0.0 0.0 0.0 0.0 
-2.497714528787585 -2.4936525027082235 -2.496186470754326 -2.4936525027082235 -11.496190267694402 -11.49619116416711 
-2.4823679672993464 -2.45102239744 -2.470613419599292 -2.4510231750920104 -11.470613380147823 -11.469698103819557 
-2.496181927931604 -2.4894208378470397 -2.493652494369865 -2.4894220638237243 -11.493651207375734 -11.493652301458331 
-2.4823680617164365 -2.45102239744 -2.47061343963753 -2.4822669572842555 -11.47012879874954 -11.47061316639219 
0.0 0.0 0.0 0.0 0.0 0.0 
-2.4823019548303042 -2.45102239744 -2.4706122987610533 -2.482362020949304 -11.470613437948327 -11.470613437288604 
-2.4183722633041063 -2.2732518399999995 -2.3639507539792928 -2.418370382190078 -11.363944447652516 -11.363954243557457 
-2.4823612569900435 -2.4512079553953092 -2.470696968256296 -2.45102239744 -11.470611788031666 -11.470278263889604 
-2.497712983589536 -2.493652520646865 -2.496191471989775 -2.4936525027082235 -11.496191097893867 -11.496191495746146 
0.0 0.0 0.0 0.0 0.0 0.0 
-2.4961867737691867 -2.489425260733896 -2.49365227082351 -2.4894208378470397 -11.493651544569905 -11.493652500337829 
-2.363951623070674 -2.45102241891772 -2.4183706963127767 -2.363951104 -11.418370837841666 -11.418370676690051 
-2.122086400004042 -2.3639511039970373 -2.2732518399999995 -2.1220863999999997 -11.273251840061503 -11.27325184 
-2.363962918388356 -2.4510213820251288 -2.4183711369605483 -2.363951104 -11.418382574909787 -11.418106179653357 
0.0 0.0 0.0 0.0 0.0 0.0 
-2.2759489006396203 -1.8735340144740014 -2.1224851910429217 -1.8701439999999998 -11.122800607256124 -11.12986212898891 
-0.7504092357148363 2.36 0.4159527514018186 -0.7645832321280692 -8.584289079865751 -8.58407550593974 
-2.2732808373330045 -1.870144716978692 -2.1283749832842194 -1.8701439999999998 -11.122086479314907 -11.1220880953425 
5.6 0.4159999999999999 2.36 5.6 -6.640000000000001 -6.640000000000001 
0.0 0.0 0.0 0.0 0.0 0.0 
-2.4806614379029455 -2.470613438464 -2.4823667866134387 -2.4823501745910383 -11.481634512532342 -11.482203344322823 
-2.3655627428337946 -2.2732518399999995 -2.3656657338621345 -2.364520503828648 -11.358270701502379 -11.364043983050701 
-2.4706224385368047 -2.45102239744 -2.4706951182859638 -2.470914432393067 -11.470497644274591 -11.470909572084775 
-2.49757678934869 -2.496191501624934 -2.4975872977628635 -2.49750875313991 -11.497682572154947 -11.497677895421536 
0.0 0.0 0.0 0.0 0.0 0.0 
-2.497581288303282 -2.496191501624934 -2.497660111030474 -2.49770609485482 -11.497330637513695 -11.496489058217591 
-2.4893809757542145 -2.4823680630784 -2.489116996205944 -2.48929422996446 -11.48794641006736 -11.489144710748056 
-1.45024 -1.8701439999999998 -1.45024 -1.45024 -0.7504000000000001 -10.45024 
-2.363951104 -2.4183706624 -2.363951104 -2.363951104 -2.2732518399999995 -11.363951104 
0.0 0.0 0.0 0.0 0.0 0.0 
-2.2732518399999995 -2.363951104 -2.2732518399999995 -2.2732518399999995 -2.1220863999999997 -11.27325184 
-2.4926173247854293 -2.4894208378470397 -2.493201550472899 -2.492583899585862 -11.493646188584382 -11.493395366318765 
-2.482363472581282 -2.470613438464 -2.482326058929881 -2.482368187367405 -11.482069157150425 -11.482535367391499 
-2.4935184379602826 -2.4894208378470397 -2.492435671974359 -2.493651434374846 -11.490723774206167 -11.493425625022725 
0.0 0.0 0.0 0.0 0.0 0.0 
-0.7504000000000001 0.4159999999999999 -0.7504000000000001 -0.7504000000000001 -9.7504 -1.45024 
-2.2732518399999995 -2.1220863999999997 -2.2732518399999995 -2.2732518399999995 -11.27325184 -2.363951104 
11.0 5.6 11.0 11.0 2.0 20.0 
-2.1220863999999997 -1.8701439999999998 -2.1220863999999997 -2.1220863999999997 -11.1220864 -2.2732518399999995 
0.0 0.0 0.0 0.0 0.0 0.0 
-2.4894153347232435 -2.4823680630784 -2.4934627184194627 -2.4894079320684788 -11.489417259684016 -11.489410812459177 
-2.418381183574908 -2.363951104 -2.4502216653949866 -2.418376257065046 -11.420165013846496 -11.418580717528318 
-2.4845260929725974 -2.470613438464 -2.489478184745201 -2.4823832294167727 -11.482373482951072 -11.48234909979698 
-2.4961505649775693 -2.4936525027082235 -2.4936525027082235 -2.4951379179712423 -11.49618931901306 -11.49405697169162 
0.0 0.0 0.0 0.0 0.0 0.0 
-2.496168270045156 -2.4936525027082235 -2.4936525027082235 -2.4957758521327404 -11.495571528201475 -11.495040030376469 
-2.4823170488132296 -2.470613438464 -2.470613438464 -2.482252290770851 -11.48213115924377 -11.480249207311854 
-2.4185418650066115 -2.363951104 -2.4510223150390433 -2.4185957093191526 -11.420696914896656 -11.418365521016758 
-2.4893259451695577 -2.4823680630784 -2.4936474754222626 -2.489418532110684 -11.489417259782 -11.489404204190075 
0.0 0.0 0.0 0.0 0.0 0.0 
-2.482371828827313 -2.470613438464 -2.489299179303551 -2.4818428005454316 -11.482354064046683 -11.482269751240167 
-2.4893667517486993 -2.4823680630784 -2.4823974552766868 -2.4893359583177657 -11.489331006402946 -11.489295403322632 
-2.469555462670864 -2.45102239744 -2.4510546524644163 -2.473102239348931 -11.470408747728243 -11.470036383063318 
-2.4894202593747745 -2.4823680630784 -2.4823680630784 -2.48848759208027 -11.48853179848522 -11.48928877938561 
0.0 0.0 0.0 0.0 0.0 0.0 
-1.4548508313381843 -0.7504075475098314 -1.9702985356844946 -1.470787967643701 -10.457524243707105 -10.456715766305273 
-2.1250936129443114 -1.9581939469992926 -1.8701440928960629 -2.1222533190290505 -11.091646241840287 -11.12548560977971 
-1.4509605080382875 -0.7504000001796479 -1.8687887321453105 -1.451250464651553 -10.450295355851907 -10.389985015392867 
-1.92851186623342 -2.1074038478514194 -1.450440894798274 -1.9201429611347685 -11.24877244315505 -10.968618286746844 
0.0 0.0 0.0 0.0 0.0 0.0 
-2.493380487934583 -2.4894208378470397 -2.49360194214027 -2.4894208378470397 -11.492236885079741 -11.490693232936652 
-2.450497492530661 -2.4183706624 -2.4495440435164544 -2.4184491723495194 -11.451021123663375 -11.450629945454532 
-2.489421038199563 -2.4823680630784 -2.489487954782607 -2.4843002496070605 -11.489436622353436 -11.48941998030292 
-2.493583511636607 -2.4894208378470397 -2.4936358798154368 -2.49613534046279 -11.49364946243377 -11.489642532398793 
0.0 0.0 0.0 0.0 0.0 0.0 
-2.4936078997442834 -2.4894208378470397 -2.493651978753338 -2.495868882595835 -11.493484731975878 -11.493509624005673 
-2.4702509839625097 -2.45102239744 -2.4704782984107876 -2.482087080359407 -11.463730624739723 -11.469960886143982 
-2.45010100727837 -2.4183706624 -2.449092059999817 -2.418371768685235 -11.44640362338914 -11.39468463501512 
-2.492837907585507 -2.4894208378470397 -2.4930855744145135 -2.4894208378470397 -11.492150212289822 -11.493313492386145 
0.0 0.0 0.0 0.0 0.0 0.0 
-2.4885510620083666 -2.4823680630784 -2.489368159404757 -2.4823683634289435 -11.47828546673622 -11.489418004626717 
-2.482424435067316 -2.470613438464 -2.4824353985347005 -2.4893326029068312 -11.482536059043271 -11.482384694872625 
-2.4511626902391908 -2.4183706624 -2.451045187307701 -2.470481476311342 -11.427539198087999 -11.451123056504409 
-2.4823396198704755 -2.470613438464 -2.482367136608994 -2.489417619546663 -11.482329692132545 -11.482348906292602 
0.0 0.0 0.0 0.0 0.0 0.0 
-1.979402159230172 -2.088751974442 -1.988251881670933 -1.4515992596169975 -11.21498441678734 -10.990307919066291 
-1.870144018395222 -1.4502400000004743 -1.870932384611653 -2.122143943771092 -10.870156673353792 -10.870246639506105 
-1.5668799999999998 -1.4582848126949828 -1.8570192670783334 -1.4502572386761767 -10.721597921105547 -10.321545345999999 
-1.5274554020463689 -0.750400467023915 -1.7220283113491297 -1.9249778787659872 -10.508082755232522 -10.452388086052837 
0.0 0.0 0.0 0.0 0.0 0.0 
-2.495717678818047 -2.4936525027082235 -2.4974379887191356 -2.496099434664826 -11.496190138548318 -11.496168245271688 
-2.4705377277041674 -2.45102239744 -2.480677120750669 -2.4706533760308567 -11.470606113020622 -11.470619413439179 
-2.4936347883564864 -2.4894208378470397 -2.4961233089247914 -2.493591479833414 -11.493633746019903 -11.493624021273108 
-2.4893693608847167 -2.4823680630784 -2.4823680630784 -2.489397169636665 -11.48937110430683 -11.488704648405086 
0.0 0.0 0.0 0.0 0.0 0.0 
-2.4894125878918665 -2.4823680630784 -2.4823680630784 -2.4890555421865317 -11.489408201522403 -11.48780995349964 
-2.4453828175129977 -2.4183706624 -2.4183706624 -2.4356997120426414 -11.450211043032487 -11.446298639828903 
-2.470611266594757 -2.45102239744 -2.4823325795500892 -2.470622478318431 -11.466487950526929 -11.47061343988127 
-2.496190108828585 -2.4936525027082235 -2.4975401476519536 -2.4961857061134336 -11.49606812861735 -11.496190905176906 
0.0 0.0 0.0 0.0 0.0 0.0 
-2.4927149124802077 -2.4894208378470397 -2.496050484842502 -2.4929596146991853 -11.493634467171386 -11.493634439408265 
-2.2732518399999995 -2.363951104 -2.363951104 -2.2732518399999995 -2.1220863999999997 -11.27325184 
-1.8701439999999998 -2.1220863999999997 -2.1220863999999997 -1.8701439999999998 -1.45024 -10.870144 
-2.2732518399999995 -2.363951104 -2.363951104 -2.2732518399999995 -2.1220863999999997 -11.27325184 
0.0 0.0 0.0 0.0 0.0 0.0 
-2.1220863999999997 -1.8701439999999998 -2.2732518399999995 -2.1220863999999997 -11.1220864 -2.2732518399999995 
-1.45024 -0.7504000000000001 -0.7504000000000001 -1.45024 -10.45024 -1.8701439999999998 
-2.1220863999999997 -1.8701439999999998 -2.2732518399999995 -2.1220863999999997 -11.1220864 -2.2732518399999995 
11.0 5.6 5.6 11.0 2.0 20.0 
0.0 0.0 0.0 0.0 0.0 0.0 
-2.497684795362298 -2.496191501624934 -2.497713674629063 -2.496191501624934 -11.497580112350095 -11.497697655741323 
-2.482222629430071 -2.470613438464 -2.4782122386870515 -2.470613438464 -11.482364907990533 -11.48178047087516 
-2.4961834640959695 -2.4936525027082235 -2.4961755168316517 -2.4936525027082235 -11.49551585785041 -11.496059776871517 
-2.482015182689751 -2.470613438464 -2.4823672383108404 -2.489174475883209 -11.478818038221956 -11.480683968618472 
0.0 0.0 0.0 0.0 0.0 0.0 
-2.481750999159182 -2.470613438464 -2.482344351447147 -2.48936407352414 -11.482139212303945 -11.482363614600825 
-2.418375949954385 -2.363951104 -2.418206596969663 -2.4292901963838633 -11.418425400157185 -11.418343921153813 
-2.482415258767822 -2.4734522667852645 -2.482225124429846 -2.470613438464 -11.482356746801887 -11.477970003329059 
-2.497515736644232 -2.496191501624934 -2.4974235505819316 -2.496191501624934 -11.497352376322734 -11.497610332231043 
0.0 0.0 0.0 0.0 0.0 0.0 
-2.4957434952931252 -2.4936525027082235 -2.4961350541254737 -2.4936525027082235 -11.489866649990809 -11.496076634165641 
-2.3641845824038388 -2.4184007000848817 -2.363952814448123 -2.2732518399999995 -11.363969689074018 -11.365101214821498 
-2.1221642812898502 -2.273251892085406 -2.1222586682103404 -1.8701439999999998 -11.122088433688544 -11.12236187838555 
-2.3639511476801958 -2.4183709330068637 -2.3639511367875787 -2.2732518399999995 -11.363951517927381 -11.36395110209079 
0.0 0.0 0.0 0.0 0.0 0.0 
-2.2800218815671687 -2.1220863999999997 -2.3464928402536973 -2.1451122878493063 -11.28006923371016 -11.306087015110025 
-0.7505383490641614 0.4159999999999999 -0.750917219668354 -1.4503985895608857 -9.750432491573873 -9.753625893660496 
-2.273526528525168 -2.1220955337796674 -2.27330845014691 -2.1220863999999997 -11.268267553751906 -11.273286725643942 
5.6 2.36 5.6 11.0 -3.4000000000000004 -3.4000000000000004 
